module	CGG100272	CGG100534	CGG101233	MUTREF1	MUTREF10	MUTREF2	MUTREF3	MUTREF4	MUTREF5	MUTREF6	MUTREF7	MUTREF8	MUTREF9	NEO105	NEO137	NEO938	Streptococcus_agalactiae	Streptococcus_dysgalactiae	Streptococcus_equi	Streptococcus_gallolyticus	Streptococcus_gordonii	Streptococcus_iniae	Streptococcus_intermedius	Streptococcus_lutetiensis	Streptococcus_parauberis	Streptococcus_pneumoniae	Streptococcus_pyogenes	Streptococcus_sobrinus	Streptococcus_suis	Streptococcus_thermophilus	Streptococcus_uberis	VK63
M00001	0.8888888888888888	0.7777777777777778	0.8888888888888888	0.8888888888888888	0.8888888888888888	0.8888888888888888	0.8888888888888888	0.8888888888888888	0.8888888888888888	0.8888888888888888	0.8888888888888888	0.8888888888888888	0.8888888888888888	0.8888888888888888	0.8888888888888888	0.8888888888888888	1.0	1.0	1.0	1.0	1.0	0.8888888888888888	1.0	1.0	0.8888888888888888	1.0	1.0	0.8888888888888888	1.0	1.0	1.0	0.8888888888888888
M00002	1.0	1.0	1.0	1.0	1.0	1.0	1.0	1.0	1.0	1.0	1.0	1.0	1.0	1.0	1.0	1.0	1.0	1.0	1.0	1.0	1.0	1.0	1.0	1.0	1.0	1.0	1.0	1.0	1.0	1.0	1.0	1.0
M00003	0.8571428571428571	0.8571428571428571	0.8571428571428571	0.8571428571428571	0.8571428571428571	0.8571428571428571	0.8571428571428571	0.8571428571428571	0.8571428571428571	0.8571428571428571	0.8571428571428571	0.8571428571428571	0.8571428571428571	0.8571428571428571	0.8571428571428571	0.8571428571428571	0.8571428571428571	0.8571428571428571	0.7142857142857143	0.8571428571428571	1.0	1.0	1.0	0.8571428571428571	1.0	0.7142857142857143	0.7142857142857143	0.8571428571428571	0.7142857142857143	0.7142857142857143	1.0	0.7142857142857143
M00004	0.5	0.5	0.5	0.5	0.5	0.5	0.5	0.5	0.5	0.5	0.5	0.5	0.5	0.5	0.5	0.5	0.6666666666666666	0.6666666666666666	0.6666666666666666	0.6666666666666666	0.6666666666666666	0.6666666666666666	0.8333333333333334	0.5	0.8333333333333334	0.8333333333333334	0.6666666666666666	0.5	0.8333333333333334	0.5	0.8333333333333334	0.5
M00005	1.0	1.0	1.0	1.0	1.0	1.0	1.0	1.0	1.0	1.0	1.0	1.0	1.0	1.0	1.0	1.0	1.0	1.0	1.0	1.0	1.0	1.0	1.0	1.0	1.0	1.0	1.0	1.0	1.0	1.0	1.0	1.0
M00006	0.0	0.0	0.0	0.0	0.0	0.0	0.0	0.0	0.0	0.0	0.0	0.0	0.0	0.0	0.0	0.0	0.0	0.0	0.0	0.0	1.0	0.0	1.0	0.0	0.5	1.0	0.0	0.0	1.0	0.0	0.5	0.0
M00007	0.75	0.75	0.75	0.75	0.75	0.75	0.75	0.75	0.75	0.75	0.75	0.75	0.75	0.75	0.75	0.75	1.0	1.0	1.0	1.0	0.5	1.0	0.75	0.75	1.0	0.75	1.0	0.75	0.75	0.75	1.0	0.75
M00008	0.0	0.0	0.0	0.0	0.0	0.0	0.0	0.0	0.0	0.0	0.0	0.0	0.0	0.0	0.0	0.0	0.25	0.25	0.25	0.25	0.5	0.5	0.75	0.0	0.5	0.75	0.25	0.25	0.75	0.0	0.5	0.0
M00009	0.375	0.375	0.375	0.375	0.375	0.375	0.375	0.375	0.375	0.375	0.375	0.375	0.375	0.375	0.375	0.375	0.0	0.0	0.0	0.25	0.375	0.0	0.0	0.375	0.0	0.0	0.0	0.375	0.375	0.375	0.0	0.125
M00010	1.0	1.0	1.0	1.0	1.0	1.0	1.0	1.0	1.0	1.0	1.0	1.0	1.0	1.0	1.0	1.0	0.0	0.0	0.0	0.6666666666666666	1.0	0.0	0.0	1.0	0.0	0.0	0.0	1.0	1.0	1.0	0.0	0.3333333333333333
M00012	0.4	0.4	0.4	0.4	0.4	0.4	0.4	0.4	0.4	0.4	0.4	0.4	0.4	0.4	0.4	0.4	0.0	0.0	0.0	0.2	0.4	0.0	0.0	0.4	0.0	0.0	0.0	0.4	0.4	0.4	0.0	0.2
M00014	0.0	0.0	0.0	0.0	0.0	0.0	0.0	0.0	0.0	0.0	0.0	0.0	0.0	0.0	0.0	0.0	0.0	0.0	0.125	0.0	0.0	0.125	0.0	0.125	0.125	0.0	0.125	0.0	0.125	0.0	0.125	0.0
M00015	1.0	0.5	1.0	1.0	1.0	1.0	1.0	1.0	1.0	1.0	1.0	1.0	1.0	1.0	1.0	0.5	1.0	1.0	1.0	1.0	1.0	1.0	0.0	1.0	1.0	1.0	1.0	1.0	1.0	1.0	1.0	1.0
M00016	0.6666666666666666	0.4444444444444444	0.6666666666666666	0.6666666666666666	0.6666666666666666	0.6666666666666666	0.6666666666666666	0.6666666666666666	0.6666666666666666	0.6666666666666666	0.6666666666666666	0.6666666666666666	0.6666666666666666	0.6666666666666666	0.6666666666666666	0.6666666666666666	0.2222222222222222	0.3333333333333333	0.3333333333333333	0.6666666666666666	0.7777777777777778	0.6666666666666666	0.6666666666666666	0.6666666666666666	0.6666666666666666	0.6666666666666666	0.1111111111111111	0.6666666666666666	0.6666666666666666	0.6666666666666666	0.6666666666666666	0.6666666666666666
M00017	0.8571428571428571	0.7142857142857143	0.8571428571428571	0.8571428571428571	0.8571428571428571	0.8571428571428571	0.8571428571428571	0.8571428571428571	0.8571428571428571	0.8571428571428571	0.8571428571428571	0.8571428571428571	0.8571428571428571	0.8571428571428571	0.8571428571428571	0.8571428571428571	0.7142857142857143	0.42857142857142855	0.42857142857142855	0.8571428571428571	0.8571428571428571	0.5714285714285714	0.7142857142857143	0.8571428571428571	0.5714285714285714	0.8571428571428571	0.14285714285714285	0.8571428571428571	0.8571428571428571	0.8571428571428571	0.5714285714285714	0.8571428571428571
M00018	1.0	0.8	1.0	1.0	1.0	1.0	1.0	1.0	1.0	1.0	1.0	1.0	1.0	1.0	1.0	1.0	1.0	1.0	1.0	1.0	1.0	1.0	1.0	1.0	1.0	1.0	0.0	1.0	1.0	1.0	1.0	0.8
M00019	0.75	1.0	1.0	1.0	1.0	1.0	1.0	1.0	1.0	1.0	1.0	1.0	1.0	1.0	1.0	1.0	0.25	0.25	0.25	1.0	1.0	0.25	0.25	1.0	0.25	1.0	0.25	1.0	1.0	1.0	0.25	1.0
M00020	1.0	1.0	1.0	1.0	1.0	1.0	1.0	1.0	1.0	1.0	1.0	1.0	1.0	1.0	1.0	1.0	1.0	0.6666666666666666	0.0	1.0	0.3333333333333333	1.0	0.3333333333333333	1.0	1.0	0.3333333333333333	0.0	1.0	1.0	1.0	1.0	0.6666666666666666
M00021	0.5	0.5	1.0	1.0	1.0	1.0	1.0	1.0	1.0	1.0	1.0	1.0	1.0	1.0	1.0	0.5	1.0	1.0	1.0	1.0	1.0	1.0	1.0	1.0	1.0	1.0	1.0	1.0	1.0	1.0	1.0	0.5
M00022	1.0	0.75	1.0	1.0	1.0	1.0	1.0	1.0	1.0	1.0	1.0	1.0	1.0	1.0	0.75	0.75	1.0	0.75	0.75	1.0	1.0	0.75	1.0	1.0	0.5	1.0	0.75	1.0	1.0	1.0	0.5	0.5
M00023	1.0	0.6666666666666666	1.0	1.0	1.0	1.0	1.0	1.0	1.0	1.0	1.0	1.0	1.0	1.0	1.0	1.0	0.0	0.0	0.0	1.0	1.0	0.0	0.0	0.6666666666666666	0.0	1.0	0.0	1.0	0.0	1.0	0.0	1.0
M00024	0.0	0.0	0.0	0.0	0.0	0.0	0.0	0.0	0.0	0.0	0.0	0.0	0.0	0.0	0.0	0.0	0.0	0.0	0.0	0.0	0.5	0.0	0.5	0.0	0.0	0.5	0.0	0.5	0.0	0.5	0.0	0.0
M00025	0.0	0.0	0.0	0.0	0.0	0.0	0.0	0.0	0.0	0.0	0.0	0.0	0.0	0.0	0.0	0.0	0.0	0.0	0.0	0.5	0.5	0.0	0.5	0.5	0.0	0.5	0.0	0.5	0.5	0.5	0.0	0.0
M00026	1.0	0.6666666666666666	1.0	1.0	1.0	1.0	1.0	1.0	1.0	1.0	1.0	1.0	1.0	1.0	1.0	0.5	0.0	0.0	0.0	1.0	1.0	0.0	0.0	1.0	0.0	0.0	0.0	1.0	0.0	0.0	0.0	0.8333333333333334
M00027	0.3333333333333333	0.3333333333333333	0.3333333333333333	0.3333333333333333	0.3333333333333333	0.3333333333333333	0.3333333333333333	0.3333333333333333	0.3333333333333333	0.3333333333333333	0.3333333333333333	0.3333333333333333	0.3333333333333333	0.0	0.3333333333333333	0.0	0.3333333333333333	0.3333333333333333	0.0	0.3333333333333333	0.0	0.3333333333333333	0.0	0.3333333333333333	0.3333333333333333	0.0	0.3333333333333333	0.3333333333333333	0.0	0.0	0.3333333333333333	0.3333333333333333
M00028	1.0	0.75	1.0	1.0	1.0	1.0	1.0	1.0	1.0	1.0	1.0	1.0	1.0	1.0	1.0	1.0	0.0	0.0	0.0	1.0	1.0	0.0	0.25	1.0	0.0	0.0	0.0	1.0	0.0	1.0	0.0	0.75
M00029	0.6	0.6	0.6	0.6	0.6	0.6	0.6	0.6	0.6	0.6	0.6	0.6	0.6	0.6	0.6	0.6	0.6	0.2	0.2	0.6	0.6	0.6	0.2	0.6	0.6	0.4	0.2	0.6	0.6	0.6	0.6	0.4
M00030	0.0	0.0	0.0	0.0	0.0	0.0	0.0	0.0	0.0	0.0	0.0	0.0	0.0	0.0	0.0	0.0	0.0	0.0	0.0	0.0	0.0	0.0	0.0	0.0	0.0	0.125	0.0	0.0	0.0	0.0	0.125	0.0
M00032	0.0	0.0	0.0	0.0	0.0	0.0	0.0	0.0	0.0	0.0	0.0	0.0	0.0	0.0	0.0	0.0	0.0	0.0	0.0	0.0	0.0	0.0	0.0	0.0	0.16666666666666666	0.0	0.0	0.0	0.0	0.0	0.16666666666666666	0.0
M00033	0.4	0.2	0.4	0.4	0.4	0.4	0.4	0.4	0.4	0.4	0.4	0.4	0.4	0.4	0.4	0.4	0.4	0.4	0.4	0.4	0.4	0.4	0.4	0.4	0.4	0.4	0.0	0.4	0.4	0.4	0.4	0.4
M00034	0.125	0.125	0.125	0.125	0.125	0.125	0.125	0.125	0.125	0.125	0.125	0.125	0.125	0.125	0.125	0.125	0.125	0.125	0.125	0.25	0.125	0.25	0.125	0.25	0.125	0.25	0.125	0.25	0.125	0.25	0.25	0.125
M00035	0.5	0.25	0.25	0.25	0.25	0.25	0.5	0.25	0.25	0.25	0.5	0.25	0.25	0.25	0.5	0.25	0.5	0.5	0.5	0.5	0.5	0.5	0.25	0.5	0.25	0.5	0.25	0.25	0.25	0.5	0.5	0.25
M00036	0.0	0.16666666666666666	0.16666666666666666	0.16666666666666666	0.16666666666666666	0.16666666666666666	0.16666666666666666	0.16666666666666666	0.16666666666666666	0.16666666666666666	0.16666666666666666	0.16666666666666666	0.16666666666666666	0.16666666666666666	0.16666666666666666	0.16666666666666666	0.16666666666666666	0.16666666666666666	0.16666666666666666	0.16666666666666666	0.16666666666666666	0.16666666666666666	0.16666666666666666	0.16666666666666666	0.16666666666666666	0.16666666666666666	0.16666666666666666	0.16666666666666666	0.16666666666666666	0.16666666666666666	0.16666666666666666	0.16666666666666666
M00038	0.14285714285714285	0.0	0.14285714285714285	0.14285714285714285	0.14285714285714285	0.14285714285714285	0.14285714285714285	0.14285714285714285	0.14285714285714285	0.14285714285714285	0.14285714285714285	0.14285714285714285	0.14285714285714285	0.14285714285714285	0.14285714285714285	0.14285714285714285	0.0	0.0	0.0	0.14285714285714285	0.14285714285714285	0.0	0.0	0.0	0.0	0.0	0.0	0.14285714285714285	0.14285714285714285	0.14285714285714285	0.0	0.0
M00039	0.1	0.1	0.1	0.1	0.1	0.1	0.1	0.1	0.1	0.1	0.1	0.1	0.1	0.1	0.1	0.1	0.1	0.1	0.1	0.1	0.1	0.1	0.1	0.1	0.1	0.1	0.1	0.1	0.1	0.1	0.1	0.1
M00045	0.0	0.0	0.0	0.0	0.0	0.0	0.0	0.0	0.0	0.0	0.0	0.0	0.0	0.0	0.0	0.0	0.0	1.0	0.0	0.0	1.0	1.0	0.0	0.0	1.0	0.0	1.0	0.0	0.0	0.5	0.0	0.0
M00048	1.0	1.0	1.0	1.0	1.0	1.0	1.0	1.0	1.0	1.0	1.0	1.0	1.0	1.0	1.0	1.0	1.0	1.0	1.0	1.0	1.0	0.125	1.0	1.0	1.0	1.0	1.0	1.0	1.0	1.0	1.0	1.0
M00049	0.75	0.75	0.75	0.75	0.75	0.75	0.75	0.75	0.75	0.75	0.75	0.75	0.75	0.75	0.75	0.75	1.0	1.0	1.0	1.0	0.75	1.0	1.0	1.0	1.0	1.0	0.75	1.0	1.0	1.0	1.0	0.75
M00050	0.75	0.75	0.75	0.75	0.75	0.75	0.75	0.75	0.75	0.75	0.75	0.75	0.75	0.75	0.75	0.75	1.0	1.0	1.0	1.0	0.75	1.0	1.0	1.0	1.0	1.0	0.75	1.0	1.0	1.0	1.0	0.75
M00051	0.6666666666666666	0.6666666666666666	0.6666666666666666	0.6666666666666666	0.6666666666666666	0.6666666666666666	0.6666666666666666	0.6666666666666666	0.6666666666666666	0.6666666666666666	0.6666666666666666	0.6666666666666666	0.6666666666666666	0.6666666666666666	0.6666666666666666	0.6666666666666666	0.6666666666666666	0.6666666666666666	0.6666666666666666	0.6666666666666666	0.6666666666666666	0.6666666666666666	0.6666666666666666	0.6666666666666666	0.6666666666666666	0.6666666666666666	0.6666666666666666	0.6666666666666666	0.6666666666666666	0.6666666666666666	0.6666666666666666	0.6666666666666666
M00052	0.6666666666666666	0.6666666666666666	0.6666666666666666	0.6666666666666666	0.6666666666666666	0.6666666666666666	0.6666666666666666	0.6666666666666666	0.6666666666666666	0.6666666666666666	0.6666666666666666	0.6666666666666666	0.6666666666666666	0.6666666666666666	0.6666666666666666	0.6666666666666666	1.0	1.0	1.0	1.0	0.6666666666666666	0.6666666666666666	1.0	1.0	1.0	1.0	0.6666666666666666	1.0	1.0	1.0	1.0	0.6666666666666666
M00053	0.5	0.0	0.5	0.5	0.5	0.5	0.5	0.5	0.5	0.5	0.5	0.5	0.5	0.5	0.5	0.0	1.0	1.0	1.0	1.0	0.5	1.0	1.0	1.0	1.0	1.0	0.5	1.0	1.0	1.0	1.0	0.5
M00061	0.0	0.0	0.0	0.0	0.0	0.0	0.0	0.0	0.0	0.0	0.0	0.0	0.0	0.0	0.0	0.0	0.8	0.8	0.8	0.2	0.0	0.8	0.4	0.0	0.4	0.4	0.4	0.0	0.8	0.0	0.8	0.0
M00063	0.0	0.0	0.0	0.0	0.0	0.0	0.0	0.0	0.0	0.0	0.0	0.0	0.0	0.0	0.0	0.0	0.0	0.0	0.0	0.25	0.0	0.0	0.0	0.0	0.0	0.0	0.0	0.0	0.0	0.0	0.0	0.0
M00076	0.0	0.0	0.0	0.0	0.0	0.0	0.0	0.0	0.0	0.0	0.0	0.0	0.0	0.0	0.0	0.0	0.16666666666666666	0.16666666666666666	0.16666666666666666	0.0	0.0	0.0	0.0	0.0	0.0	0.0	0.0	0.0	0.16666666666666666	0.0	0.16666666666666666	0.0
M00077	0.0	0.0	0.0	0.0	0.0	0.0	0.0	0.0	0.0	0.0	0.0	0.0	0.0	0.0	0.0	0.0	0.25	0.25	0.25	0.0	0.0	0.0	0.0	0.0	0.0	0.0	0.0	0.0	0.25	0.0	0.25	0.0
M00078	0.0	0.0	0.0	0.0	0.0	0.0	0.0	0.0	0.0	0.0	0.0	0.0	0.0	0.0	0.0	0.0	0.1111111111111111	0.1111111111111111	0.1111111111111111	0.0	0.0	0.0	0.0	0.0	0.0	0.0	0.0	0.0	0.1111111111111111	0.0	0.1111111111111111	0.0
M00079	0.0	0.0	0.0	0.0	0.0	0.0	0.0	0.0	0.0	0.0	0.0	0.0	0.0	0.0	0.0	0.0	0.0	0.0	0.0	0.0	0.2	0.2	0.2	0.0	0.0	0.2	0.0	0.0	0.2	0.0	0.0	0.0
M00082	1.0	0.5	1.0	1.0	1.0	1.0	1.0	1.0	1.0	1.0	1.0	1.0	1.0	0.5	1.0	1.0	1.0	1.0	1.0	1.0	1.0	1.0	1.0	1.0	1.0	0.5	1.0	1.0	1.0	1.0	1.0	0.5
M00083	1.0	0.0	1.0	1.0	1.0	1.0	1.0	1.0	1.0	1.0	1.0	1.0	1.0	1.0	1.0	1.0	1.0	1.0	1.0	1.0	0.0	1.0	1.0	1.0	1.0	1.0	1.0	1.0	1.0	1.0	1.0	1.0
M00088	0.2	0.2	0.2	0.2	0.2	0.2	0.2	0.2	0.2	0.2	0.2	0.2	0.2	0.2	0.2	0.2	0.2	0.4	0.4	0.4	0.2	0.4	0.2	0.2	0.4	0.2	0.4	0.2	0.4	0.2	0.4	0.0
M00089	0.25	0.0	0.25	0.25	0.25	0.25	0.25	0.25	0.25	0.25	0.25	0.25	0.25	0.25	0.25	0.25	0.25	0.25	0.25	0.25	0.25	0.25	0.25	0.25	0.25	0.25	0.25	0.25	0.25	0.25	0.25	0.0
M00093	0.3333333333333333	0.3333333333333333	0.3333333333333333	0.3333333333333333	0.3333333333333333	0.3333333333333333	0.3333333333333333	0.3333333333333333	0.3333333333333333	0.3333333333333333	0.3333333333333333	0.3333333333333333	0.3333333333333333	0.3333333333333333	0.3333333333333333	0.3333333333333333	0.3333333333333333	0.3333333333333333	0.3333333333333333	0.3333333333333333	1.0	0.3333333333333333	0.3333333333333333	0.3333333333333333	0.3333333333333333	0.3333333333333333	0.0	0.3333333333333333	0.3333333333333333	0.3333333333333333	0.3333333333333333	0.3333333333333333
M00095	0.7142857142857143	0.42857142857142855	0.7142857142857143	0.7142857142857143	0.7142857142857143	0.7142857142857143	0.7142857142857143	0.7142857142857143	0.7142857142857143	0.7142857142857143	0.7142857142857143	0.7142857142857143	0.7142857142857143	0.7142857142857143	0.7142857142857143	0.5714285714285714	0.7142857142857143	0.8571428571428571	0.8571428571428571	0.7142857142857143	0.7142857142857143	0.8571428571428571	0.7142857142857143	0.7142857142857143	0.8571428571428571	0.7142857142857143	0.8571428571428571	0.7142857142857143	0.8571428571428571	0.7142857142857143	0.8571428571428571	0.14285714285714285
M00096	0.25	0.25	0.125	0.25	0.25	0.25	0.25	0.25	0.25	0.25	0.25	0.25	0.25	0.25	0.25	0.125	0.25	0.25	0.25	0.375	0.125	0.25	0.125	0.375	0.25	0.125	0.125	0.25	0.125	0.125	0.25	0.125
M00112	0.0	0.0	0.0	0.0	0.0	0.0	0.0	0.0	0.0	0.0	0.0	0.0	0.0	0.0	0.0	0.0	0.0	0.0	0.0	0.0	0.0	0.0	0.0	0.0	0.25	0.0	0.0	0.0	0.0	0.0	0.0	0.0
M00114	0.125	0.125	0.125	0.125	0.125	0.125	0.125	0.125	0.125	0.125	0.125	0.125	0.125	0.125	0.125	0.125	0.125	0.125	0.125	0.125	0.125	0.125	0.125	0.125	0.125	0.125	0.125	0.125	0.125	0.125	0.125	0.125
M00115	0.4	0.2	0.4	0.4	0.4	0.4	0.4	0.4	0.4	0.4	0.4	0.4	0.4	0.4	0.4	0.4	0.4	0.4	0.4	1.0	0.4	0.4	0.4	1.0	0.4	0.6	0.6	0.4	0.4	0.4	0.4	0.4
M00116	0.0	0.0	0.0	0.0	0.0	0.0	0.0	0.0	0.0	0.0	0.0	0.0	0.0	0.0	0.0	0.0	0.1111111111111111	0.1111111111111111	0.0	0.0	0.0	0.1111111111111111	0.0	0.0	0.1111111111111111	0.0	0.0	0.0	0.1111111111111111	0.0	0.1111111111111111	0.0
M00118	0.5	0.5	0.5	0.5	0.5	0.5	0.5	0.5	0.5	0.5	0.5	0.5	0.5	0.5	0.5	0.5	0.5	0.0	0.0	0.5	0.5	0.0	0.0	0.5	0.5	0.0	0.0	0.5	0.5	0.5	0.5	0.5
M00119	0.0	0.2	0.4	0.2	0.2	0.2	0.4	0.2	0.2	0.4	0.4	0.2	0.2	0.4	0.2	0.2	0.4	0.4	0.4	1.0	0.4	0.4	0.4	0.4	0.4	0.2	0.4	0.4	0.4	0.4	0.4	0.2
M00120	1.0	0.6666666666666666	1.0	0.6666666666666666	0.6666666666666666	0.6666666666666666	0.6666666666666666	0.6666666666666666	0.6666666666666666	0.6666666666666666	0.6666666666666666	0.6666666666666666	0.6666666666666666	1.0	1.0	1.0	0.6666666666666666	0.6666666666666666	0.6666666666666666	0.3333333333333333	0.6666666666666666	0.6666666666666666	0.6666666666666666	1.0	0.6666666666666666	0.6666666666666666	0.6666666666666666	1.0	0.6666666666666666	1.0	0.6666666666666666	0.6666666666666666
M00121	0.5	0.3	0.4	0.4	0.4	0.4	0.4	0.4	0.4	0.4	0.4	0.4	0.4	0.3	0.4	0.4	0.2	0.2	0.2	0.2	0.2	0.2	0.3	0.2	0.2	0.3	0.2	0.3	0.2	0.3	0.2	0.4
M00123	0.0	0.0	0.0	0.0	0.0	0.0	0.0	0.0	0.0	0.0	0.0	0.0	0.0	0.0	0.0	0.0	0.3333333333333333	0.3333333333333333	0.0	0.3333333333333333	0.0	0.0	0.0	0.0	0.0	0.0	0.0	0.0	0.0	0.0	0.0	0.0
M00124	0.16666666666666666	0.16666666666666666	0.16666666666666666	0.16666666666666666	0.16666666666666666	0.16666666666666666	0.16666666666666666	0.16666666666666666	0.16666666666666666	0.16666666666666666	0.16666666666666666	0.16666666666666666	0.16666666666666666	0.16666666666666666	0.16666666666666666	0.16666666666666666	0.16666666666666666	0.16666666666666666	0.0	0.16666666666666666	0.0	0.3333333333333333	0.0	0.16666666666666666	0.3333333333333333	0.0	0.0	0.16666666666666666	0.3333333333333333	0.16666666666666666	0.3333333333333333	0.16666666666666666
M00125	0.2857142857142857	0.2857142857142857	0.2857142857142857	0.2857142857142857	0.2857142857142857	0.2857142857142857	0.2857142857142857	0.2857142857142857	0.2857142857142857	0.2857142857142857	0.2857142857142857	0.2857142857142857	0.2857142857142857	0.2857142857142857	0.2857142857142857	0.2857142857142857	1.0	0.2857142857142857	0.2857142857142857	1.0	0.2857142857142857	0.2857142857142857	0.2857142857142857	0.8571428571428571	0.2857142857142857	1.0	0.2857142857142857	0.2857142857142857	0.2857142857142857	0.2857142857142857	0.2857142857142857	0.2857142857142857
M00126	0.8	0.4	0.8	0.8	0.8	0.8	0.8	0.8	0.8	0.8	0.8	0.8	0.8	0.8	0.8	0.8	0.8	0.8	0.8	0.8	1.0	0.8	0.8	0.8	0.8	0.8	0.8	0.8	0.8	0.8	0.8	0.4
M00127	0.14285714285714285	0.14285714285714285	0.14285714285714285	0.14285714285714285	0.14285714285714285	0.14285714285714285	0.14285714285714285	0.14285714285714285	0.14285714285714285	0.14285714285714285	0.14285714285714285	0.14285714285714285	0.14285714285714285	0.14285714285714285	0.14285714285714285	0.14285714285714285	0.2857142857142857	0.14285714285714285	0.14285714285714285	0.2857142857142857	0.14285714285714285	0.14285714285714285	0.14285714285714285	0.14285714285714285	0.14285714285714285	0.2857142857142857	0.14285714285714285	0.14285714285714285	0.2857142857142857	0.14285714285714285	0.14285714285714285	0.0
M00129	0.2857142857142857	0.2857142857142857	0.14285714285714285	0.2857142857142857	0.2857142857142857	0.2857142857142857	0.2857142857142857	0.2857142857142857	0.2857142857142857	0.2857142857142857	0.14285714285714285	0.2857142857142857	0.2857142857142857	0.2857142857142857	0.2857142857142857	0.14285714285714285	0.2857142857142857	0.2857142857142857	0.42857142857142855	0.14285714285714285	0.14285714285714285	0.2857142857142857	0.14285714285714285	0.14285714285714285	0.14285714285714285	0.14285714285714285	0.2857142857142857	0.14285714285714285	0.42857142857142855	0.14285714285714285	0.42857142857142855	0.2857142857142857
M00131	0.25	0.25	0.25	0.25	0.25	0.25	0.25	0.25	0.25	0.25	0.25	0.25	0.25	0.25	0.25	0.25	0.25	0.25	0.25	0.25	0.25	0.25	0.25	0.25	0.0	0.25	0.25	0.25	0.25	0.25	0.25	0.0
M00133	0.0	0.0	0.0	0.0	0.0	0.0	0.0	0.0	0.0	0.0	0.0	0.0	0.0	0.0	0.0	0.0	0.0	0.0	0.0	0.0	0.0	0.0	0.0	0.0	0.0	0.5	0.0	0.0	0.0	0.0	0.5	0.0
M00135	0.25	0.25	0.25	0.25	0.25	0.25	0.25	0.25	0.25	0.25	0.25	0.25	0.25	0.25	0.25	0.0	0.25	0.0	0.0	0.0	0.0	0.25	0.0	0.0	0.25	0.25	0.0	0.25	0.25	0.0	0.0	0.25
M00140	1.0	0.3333333333333333	1.0	1.0	1.0	1.0	1.0	1.0	1.0	1.0	1.0	1.0	1.0	1.0	1.0	0.6666666666666666	1.0	1.0	1.0	1.0	1.0	1.0	1.0	1.0	1.0	1.0	1.0	1.0	1.0	1.0	1.0	0.6666666666666666
M00141	0.5	0.0	0.5	0.5	0.5	0.5	0.5	0.5	0.5	0.5	0.5	0.5	0.5	0.5	0.5	0.5	0.5	0.5	0.5	0.5	0.5	0.5	0.5	0.5	0.5	0.5	0.5	0.5	0.5	0.5	0.5	0.5
M00157	1.0	1.0	1.0	1.0	1.0	1.0	1.0	1.0	1.0	1.0	1.0	1.0	1.0	1.0	1.0	1.0	1.0	1.0	1.0	1.0	1.0	1.0	1.0	1.0	1.0	1.0	1.0	1.0	1.0	1.0	1.0	0.0
M00165	0.6363636363636364	0.6363636363636364	0.6363636363636364	0.6363636363636364	0.6363636363636364	0.6363636363636364	0.6363636363636364	0.6363636363636364	0.6363636363636364	0.6363636363636364	0.6363636363636364	0.6363636363636364	0.6363636363636364	0.6363636363636364	0.6363636363636364	0.6363636363636364	0.6363636363636364	0.6363636363636364	0.6363636363636364	0.6363636363636364	0.45454545454545453	0.6363636363636364	0.6363636363636364	0.6363636363636364	0.6363636363636364	0.6363636363636364	0.6363636363636364	0.6363636363636364	0.6363636363636364	0.6363636363636364	0.6363636363636364	0.6363636363636364
M00166	0.5	0.5	0.5	0.5	0.5	0.5	0.5	0.5	0.5	0.5	0.5	0.5	0.5	0.5	0.5	0.5	0.5	0.5	0.5	0.5	0.5	0.5	0.5	0.5	0.5	0.5	0.5	0.5	0.5	0.5	0.5	0.5
M00167	0.7142857142857143	0.7142857142857143	0.7142857142857143	0.7142857142857143	0.7142857142857143	0.7142857142857143	0.7142857142857143	0.7142857142857143	0.7142857142857143	0.7142857142857143	0.7142857142857143	0.7142857142857143	0.7142857142857143	0.7142857142857143	0.7142857142857143	0.7142857142857143	0.7142857142857143	0.7142857142857143	0.7142857142857143	0.7142857142857143	0.42857142857142855	0.7142857142857143	0.7142857142857143	0.7142857142857143	0.7142857142857143	0.7142857142857143	0.7142857142857143	0.7142857142857143	0.7142857142857143	0.7142857142857143	0.7142857142857143	0.7142857142857143
M00168	0.5	0.5	0.5	0.5	0.5	0.5	0.5	0.5	0.5	0.5	0.5	0.5	0.5	0.5	0.5	0.5	0.5	0.5	0.5	0.5	0.5	0.5	0.5	0.5	0.5	0.5	0.5	0.5	0.5	0.5	0.5	0.5
M00169	0.5	0.0	0.5	0.5	0.5	0.5	0.5	0.5	0.5	0.0	0.5	0.5	0.5	0.5	0.5	0.5	0.5	0.5	0.0	0.5	1.0	0.5	1.0	0.5	0.5	0.0	0.0	0.5	0.0	0.0	0.5	0.0
M00170	0.5	0.5	0.5	0.5	0.5	0.5	0.5	0.5	0.5	0.5	0.5	0.5	0.5	0.5	0.5	0.5	0.25	0.25	0.25	0.5	0.5	0.5	0.5	0.5	0.5	0.25	0.25	0.5	0.25	0.25	0.5	0.25
M00171	0.14285714285714285	0.14285714285714285	0.14285714285714285	0.14285714285714285	0.14285714285714285	0.14285714285714285	0.14285714285714285	0.14285714285714285	0.14285714285714285	0.14285714285714285	0.14285714285714285	0.14285714285714285	0.14285714285714285	0.14285714285714285	0.14285714285714285	0.14285714285714285	0.2857142857142857	0.2857142857142857	0.14285714285714285	0.14285714285714285	0.2857142857142857	0.2857142857142857	0.2857142857142857	0.14285714285714285	0.2857142857142857	0.14285714285714285	0.14285714285714285	0.14285714285714285	0.14285714285714285	0.14285714285714285	0.2857142857142857	0.14285714285714285
M00172	0.5	0.25	0.5	0.5	0.5	0.5	0.5	0.5	0.5	0.25	0.5	0.5	0.5	0.5	0.5	0.5	0.5	0.5	0.25	0.5	0.75	0.5	0.75	0.5	0.5	0.25	0.25	0.5	0.25	0.25	0.5	0.25
M00173	0.2	0.2	0.2	0.2	0.2	0.2	0.2	0.2	0.2	0.2	0.2	0.2	0.2	0.2	0.2	0.2	0.1	0.1	0.0	0.2	0.3	0.1	0.2	0.2	0.1	0.0	0.0	0.2	0.2	0.2	0.1	0.1
M00307	0.0	0.0	0.0	0.0	0.0	0.0	0.0	0.0	0.0	0.0	0.0	0.0	0.0	0.0	0.0	0.0	0.0	0.0	0.0	0.0	0.0	0.0	1.0	0.0	0.0	0.0	0.0	0.0	0.0	0.0	0.0	0.0
M00308	0.25	0.25	0.25	0.25	0.25	0.25	0.25	0.25	0.25	0.25	0.25	0.25	0.25	0.25	0.25	0.25	0.75	0.75	0.75	0.5	0.25	0.75	0.75	0.25	0.75	0.75	0.75	0.25	0.75	0.25	0.75	0.25
M00344	0.25	0.25	0.25	0.25	0.25	0.25	0.25	0.25	0.25	0.25	0.25	0.25	0.25	0.25	0.25	0.25	0.25	0.25	0.25	0.25	0.25	0.25	0.25	0.25	0.25	0.25	0.25	0.25	0.25	0.25	0.25	0.25
M00345	0.3333333333333333	0.3333333333333333	0.3333333333333333	0.3333333333333333	0.3333333333333333	0.3333333333333333	0.3333333333333333	0.3333333333333333	0.3333333333333333	0.3333333333333333	0.3333333333333333	0.3333333333333333	0.3333333333333333	0.3333333333333333	0.3333333333333333	0.3333333333333333	0.6666666666666666	0.6666666666666666	0.6666666666666666	0.6666666666666666	0.6666666666666666	0.3333333333333333	0.6666666666666666	0.6666666666666666	0.3333333333333333	0.6666666666666666	0.6666666666666666	0.3333333333333333	0.6666666666666666	0.6666666666666666	0.6666666666666666	0.3333333333333333
M00346	0.3333333333333333	0.2222222222222222	0.3333333333333333	0.3333333333333333	0.3333333333333333	0.3333333333333333	0.3333333333333333	0.3333333333333333	0.3333333333333333	0.3333333333333333	0.3333333333333333	0.3333333333333333	0.3333333333333333	0.3333333333333333	0.3333333333333333	0.3333333333333333	0.3333333333333333	0.3333333333333333	0.3333333333333333	0.3333333333333333	0.3333333333333333	0.3333333333333333	0.3333333333333333	0.3333333333333333	0.3333333333333333	0.3333333333333333	0.3333333333333333	0.3333333333333333	0.3333333333333333	0.3333333333333333	0.3333333333333333	0.3333333333333333
M00357	0.2	0.2	0.2	0.2	0.2	0.2	0.2	0.2	0.2	0.2	0.2	0.2	0.2	0.2	0.2	0.2	0.2	0.2	0.2	0.2	0.2	0.2	0.2	0.2	0.2	0.2	0.2	0.2	0.2	0.2	0.2	0.0
M00364	0.5	0.5	0.5	0.5	0.5	0.5	0.5	0.5	0.5	0.5	0.5	0.5	0.5	0.5	0.5	0.0	0.5	0.5	0.5	0.5	0.5	0.5	0.5	0.5	0.5	0.5	0.5	0.5	0.5	0.5	0.5	0.0
M00365	0.5	0.5	0.5	0.5	0.5	0.5	0.5	0.5	0.5	0.5	0.5	0.5	0.5	0.5	0.5	0.0	0.5	0.5	0.5	0.5	0.5	0.5	0.5	0.5	0.5	0.5	0.5	0.5	0.5	0.5	0.5	0.0
M00366	0.25	0.25	0.25	0.25	0.25	0.25	0.25	0.25	0.25	0.25	0.25	0.25	0.25	0.25	0.25	0.0	0.25	0.25	0.25	0.25	0.25	0.25	0.25	0.25	0.25	0.25	0.25	0.25	0.25	0.25	0.25	0.0
M00367	0.3333333333333333	0.3333333333333333	0.3333333333333333	0.3333333333333333	0.3333333333333333	0.3333333333333333	0.3333333333333333	0.3333333333333333	0.3333333333333333	0.3333333333333333	0.3333333333333333	0.3333333333333333	0.3333333333333333	0.3333333333333333	0.3333333333333333	0.0	0.3333333333333333	0.3333333333333333	0.3333333333333333	0.3333333333333333	0.3333333333333333	0.3333333333333333	0.3333333333333333	0.3333333333333333	0.3333333333333333	0.3333333333333333	0.3333333333333333	0.3333333333333333	0.3333333333333333	0.3333333333333333	0.3333333333333333	0.0
M00368	0.3333333333333333	0.3333333333333333	0.3333333333333333	0.3333333333333333	0.3333333333333333	0.3333333333333333	0.3333333333333333	0.3333333333333333	0.3333333333333333	0.3333333333333333	0.3333333333333333	0.3333333333333333	0.3333333333333333	0.3333333333333333	0.3333333333333333	0.3333333333333333	0.3333333333333333	0.3333333333333333	0.3333333333333333	0.3333333333333333	0.3333333333333333	0.3333333333333333	0.3333333333333333	0.3333333333333333	0.3333333333333333	0.3333333333333333	0.3333333333333333	0.3333333333333333	0.3333333333333333	0.3333333333333333	0.3333333333333333	0.3333333333333333
M00373	0.0	0.0	0.0	0.0	0.0	0.0	0.0	0.0	0.0	0.0	0.0	0.0	0.0	0.0	0.0	0.0	0.0	0.08333333333333333	0.08333333333333333	0.0	0.0	0.08333333333333333	0.0	0.0	0.08333333333333333	0.0	0.08333333333333333	0.0	0.08333333333333333	0.0	0.08333333333333333	0.0
M00374	0.07692307692307693	0.07692307692307693	0.07692307692307693	0.07692307692307693	0.07692307692307693	0.07692307692307693	0.07692307692307693	0.07692307692307693	0.07692307692307693	0.07692307692307693	0.07692307692307693	0.07692307692307693	0.07692307692307693	0.07692307692307693	0.07692307692307693	0.07692307692307693	0.07692307692307693	0.15384615384615385	0.15384615384615385	0.07692307692307693	0.07692307692307693	0.15384615384615385	0.07692307692307693	0.07692307692307693	0.23076923076923078	0.07692307692307693	0.15384615384615385	0.07692307692307693	0.15384615384615385	0.07692307692307693	0.23076923076923078	0.07692307692307693
M00375	0.0	0.0	0.0	0.0	0.0	0.0	0.0	0.0	0.0	0.0	0.0	0.0	0.0	0.0	0.0	0.0	0.0	0.07142857142857142	0.07142857142857142	0.0	0.0	0.07142857142857142	0.0	0.0	0.14285714285714285	0.0	0.07142857142857142	0.0	0.07142857142857142	0.0	0.14285714285714285	0.0
M00376	0.07692307692307693	0.0	0.07692307692307693	0.07692307692307693	0.07692307692307693	0.07692307692307693	0.07692307692307693	0.07692307692307693	0.07692307692307693	0.07692307692307693	0.07692307692307693	0.07692307692307693	0.07692307692307693	0.07692307692307693	0.07692307692307693	0.07692307692307693	0.07692307692307693	0.07692307692307693	0.07692307692307693	0.07692307692307693	0.07692307692307693	0.07692307692307693	0.07692307692307693	0.07692307692307693	0.07692307692307693	0.0	0.07692307692307693	0.07692307692307693	0.07692307692307693	0.07692307692307693	0.07692307692307693	0.0
M00377	0.2857142857142857	0.14285714285714285	0.2857142857142857	0.2857142857142857	0.2857142857142857	0.2857142857142857	0.2857142857142857	0.2857142857142857	0.2857142857142857	0.2857142857142857	0.2857142857142857	0.2857142857142857	0.2857142857142857	0.2857142857142857	0.2857142857142857	0.14285714285714285	0.2857142857142857	0.2857142857142857	0.2857142857142857	0.2857142857142857	0.42857142857142855	0.2857142857142857	0.2857142857142857	0.2857142857142857	0.2857142857142857	0.42857142857142855	0.2857142857142857	0.2857142857142857	0.42857142857142855	0.42857142857142855	0.2857142857142857	0.14285714285714285
M00378	0.0	0.0	0.0	0.0	0.0	0.0	0.0	0.0	0.0	0.0	0.0	0.0	0.0	0.0	0.0	0.0	0.0	0.0	0.0	0.0	0.0	0.0	0.0	0.0	0.0	0.0	0.25	0.0	0.0	0.0	0.0	0.0
M00432	1.0	0.6666666666666666	1.0	1.0	1.0	1.0	1.0	1.0	1.0	1.0	1.0	1.0	1.0	1.0	1.0	1.0	0.0	0.0	0.0	1.0	1.0	0.0	0.0	1.0	0.0	0.3333333333333333	0.0	1.0	1.0	1.0	0.0	1.0
M00525	0.7777777777777778	0.5555555555555556	0.7777777777777778	0.7777777777777778	0.7777777777777778	0.7777777777777778	0.7777777777777778	0.7777777777777778	0.7777777777777778	0.7777777777777778	0.7777777777777778	0.7777777777777778	0.7777777777777778	0.7777777777777778	0.7777777777777778	0.7777777777777778	0.3333333333333333	0.2222222222222222	0.2222222222222222	0.7777777777777778	0.7777777777777778	0.7777777777777778	0.7777777777777778	0.7777777777777778	0.7777777777777778	0.7777777777777778	0.0	0.7777777777777778	0.7777777777777778	0.7777777777777778	0.7777777777777778	0.6666666666666666
M00526	0.8333333333333334	0.5	0.8333333333333334	0.8333333333333334	0.8333333333333334	0.8333333333333334	0.8333333333333334	0.8333333333333334	0.8333333333333334	0.8333333333333334	0.8333333333333334	0.8333333333333334	0.8333333333333334	0.8333333333333334	0.8333333333333334	0.8333333333333334	0.3333333333333333	0.3333333333333333	0.3333333333333333	0.8333333333333334	0.8333333333333334	0.8333333333333334	0.8333333333333334	0.8333333333333334	0.8333333333333334	0.8333333333333334	0.0	0.8333333333333334	0.8333333333333334	0.8333333333333334	0.8333333333333334	0.8333333333333334
M00527	0.7142857142857143	0.42857142857142855	0.7142857142857143	0.7142857142857143	0.7142857142857143	0.7142857142857143	0.7142857142857143	0.7142857142857143	0.7142857142857143	0.7142857142857143	0.7142857142857143	0.7142857142857143	0.7142857142857143	0.7142857142857143	0.7142857142857143	0.7142857142857143	0.2857142857142857	0.2857142857142857	0.2857142857142857	0.7142857142857143	0.7142857142857143	0.7142857142857143	0.7142857142857143	0.7142857142857143	0.7142857142857143	0.7142857142857143	0.0	0.7142857142857143	0.7142857142857143	0.7142857142857143	0.7142857142857143	0.7142857142857143
M00532	0.1	0.0	0.1	0.1	0.1	0.1	0.1	0.1	0.1	0.1	0.1	0.1	0.1	0.1	0.1	0.1	0.1	0.1	0.1	0.1	0.1	0.1	0.1	0.1	0.1	0.1	0.1	0.1	0.1	0.1	0.1	0.1
M00535	0.6666666666666666	0.3333333333333333	0.6666666666666666	0.6666666666666666	0.6666666666666666	0.6666666666666666	0.6666666666666666	0.6666666666666666	0.6666666666666666	0.6666666666666666	0.6666666666666666	0.6666666666666666	0.6666666666666666	0.6666666666666666	0.6666666666666666	0.6666666666666666	0.0	0.0	0.0	0.6666666666666666	0.6666666666666666	0.0	0.0	0.6666666666666666	0.0	0.3333333333333333	0.0	0.6666666666666666	0.6666666666666666	0.6666666666666666	0.0	0.6666666666666666
M00549	1.0	0.3333333333333333	1.0	1.0	1.0	1.0	1.0	1.0	1.0	1.0	1.0	1.0	1.0	1.0	1.0	1.0	1.0	1.0	1.0	1.0	1.0	1.0	1.0	0.6666666666666666	0.3333333333333333	1.0	1.0	1.0	1.0	1.0	1.0	1.0
M00550	1.0	0.8	1.0	1.0	1.0	1.0	1.0	1.0	1.0	1.0	1.0	1.0	1.0	1.0	1.0	1.0	1.0	1.0	1.0	1.0	0.2	1.0	1.0	0.0	1.0	1.0	1.0	0.2	1.0	0.0	1.0	1.0
M00552	0.4	0.4	0.4	0.4	0.4	0.4	0.4	0.4	0.4	0.4	0.4	0.4	0.4	0.4	0.4	0.4	0.4	0.4	0.4	0.4	0.4	0.4	0.4	0.4	0.4	0.4	0.4	0.4	0.4	0.4	0.4	0.4
M00554	0.0	0.5	0.5	0.5	0.5	0.5	0.5	0.5	0.5	0.5	0.5	0.5	0.5	0.5	0.5	0.0	0.0	0.0	0.5	0.5	0.5	0.5	0.5	0.5	0.5	0.5	0.0	0.0	0.5	0.5	0.0	0.5
M00565	0.5	0.5	0.5	0.5	0.5	0.5	0.5	0.5	0.5	0.5	0.5	0.5	0.5	0.5	0.5	0.5	0.5	0.5	0.5	0.5	0.5	0.5	0.5	0.0	0.5	0.3333333333333333	0.0	0.5	0.5	0.0	0.5	0.5
M00569	0.0	0.0	0.0	0.0	0.0	0.0	0.0	0.0	0.0	0.0	0.0	0.0	0.0	0.0	0.0	0.0	0.2	0.2	0.0	0.0	0.2	0.0	0.0	0.0	0.2	0.2	0.2	0.2	0.0	0.2	0.2	0.0
M00570	0.8	1.0	1.0	1.0	1.0	1.0	1.0	1.0	1.0	1.0	1.0	1.0	1.0	1.0	1.0	1.0	0.2	0.2	0.2	1.0	1.0	0.2	0.2	1.0	0.2	1.0	0.2	1.0	1.0	1.0	0.2	1.0
M00572	0.5	0.3333333333333333	0.5	0.5	0.5	0.5	0.5	0.5	0.5	0.5	0.5	0.5	0.5	0.5	0.5	0.5	0.5	0.5	0.5	0.5	0.5	0.5	0.5	0.5	0.5	0.5	0.5	0.5	0.5	0.5	0.5	0.5
M00573	0.0	0.0	0.0	0.0	0.0	0.0	0.0	0.0	0.0	0.0	0.0	0.0	0.0	0.0	0.0	0.0	0.2	0.2	0.0	0.4	0.0	0.0	0.0	0.0	0.0	0.0	0.0	0.0	0.0	0.0	0.0	0.0
M00577	0.0	0.0	0.0	0.0	0.0	0.0	0.0	0.0	0.0	0.0	0.0	0.0	0.0	0.0	0.0	0.0	0.2	0.2	0.0	0.4	0.0	0.0	0.0	0.0	0.0	0.0	0.0	0.0	0.0	0.0	0.0	0.0
M00579	1.0	1.0	1.0	1.0	1.0	1.0	1.0	1.0	1.0	1.0	1.0	1.0	1.0	1.0	1.0	1.0	1.0	1.0	1.0	1.0	1.0	1.0	1.0	1.0	1.0	1.0	1.0	1.0	1.0	1.0	1.0	0.5
M00580	0.5	0.0	0.5	0.5	0.5	0.5	0.5	0.5	0.5	0.5	0.5	0.5	0.5	0.5	0.5	0.5	0.5	0.5	0.5	0.5	0.5	0.5	0.5	0.5	0.5	0.5	0.5	0.5	0.5	0.5	0.5	0.5
M00609	0.5	0.5	0.5	0.5	0.5	0.5	0.5	0.5	0.5	0.5	0.5	0.5	0.5	0.5	0.5	0.5	0.5	0.5	0.5	0.5	0.5	0.5	0.5	0.5	0.5	0.5	0.5	0.5	0.5	0.5	0.5	0.5
M00615	0.0	0.0	0.0	0.0	0.0	0.0	0.0	0.0	0.0	0.5	0.0	0.0	0.0	0.0	0.0	0.0	0.0	0.0	0.0	0.0	0.0	0.0	0.0	0.0	0.0	0.0	0.0	0.0	0.0	0.0	0.0	0.0
M00618	0.5	0.5	0.5	0.5	0.5	0.5	0.5	0.5	0.5	0.5	0.5	0.5	0.5	0.5	0.5	0.5	0.5	0.5	0.5	0.5	0.5	0.5	0.5	0.5	0.5	0.5	0.5	0.5	0.5	0.5	0.5	0.0
M00621	0.3333333333333333	0.3333333333333333	0.3333333333333333	0.3333333333333333	0.3333333333333333	0.3333333333333333	0.3333333333333333	0.3333333333333333	0.3333333333333333	0.3333333333333333	0.3333333333333333	0.3333333333333333	0.3333333333333333	0.3333333333333333	0.3333333333333333	0.3333333333333333	0.3333333333333333	0.3333333333333333	0.3333333333333333	0.3333333333333333	0.3333333333333333	0.3333333333333333	0.0	0.3333333333333333	0.3333333333333333	0.3333333333333333	0.3333333333333333	0.3333333333333333	0.3333333333333333	0.3333333333333333	0.3333333333333333	0.3333333333333333
M00627	0.6666666666666666	0.6666666666666666	0.6666666666666666	0.6666666666666666	0.6666666666666666	0.6666666666666666	0.6666666666666666	0.6666666666666666	0.6666666666666666	0.6666666666666666	0.6666666666666666	0.6666666666666666	0.6666666666666666	0.6666666666666666	0.6666666666666666	0.6666666666666666	0.6666666666666666	0.6666666666666666	0.6666666666666666	0.6666666666666666	1.0	0.6666666666666666	0.6666666666666666	0.6666666666666666	0.6666666666666666	0.6666666666666666	0.6666666666666666	0.6666666666666666	0.6666666666666666	0.6666666666666666	0.6666666666666666	0.6666666666666666
M00631	0.0	0.0	0.0	0.0	0.0	0.0	0.0	0.0	0.0	0.0	0.0	0.0	0.0	0.0	0.0	0.0	0.6	0.6	0.6	0.2	0.0	0.6	0.4	0.0	0.4	0.4	0.4	0.0	0.6	0.0	0.6	0.0
M00632	0.25	0.5	0.5	0.5	0.5	0.5	0.5	0.5	0.5	0.5	0.5	0.5	0.5	0.5	0.5	0.25	0.5	0.25	0.75	0.75	0.75	0.75	0.75	0.75	0.75	0.75	0.0	0.5	0.75	0.75	0.5	0.5
M00702	0.0	0.0	0.0	0.0	0.0	0.0	0.0	0.0	0.0	0.0	0.0	0.0	0.0	0.0	0.0	0.0	0.5	0.0	0.0	0.0	0.0	0.0	0.0	0.0	0.0	0.0	0.0	0.0	0.0	0.0	0.0	0.0
M00704	0.0	0.0	0.0	0.0	0.0	0.0	0.0	0.0	0.0	0.0	0.0	0.0	0.0	0.0	0.0	0.0	0.0	0.0	0.0	0.5	0.0	0.0	0.0	0.0	0.0	0.0	0.0	0.0	0.0	0.0	0.0	0.0
M00705	0.5	0.0	0.5	0.0	0.0	0.0	0.0	0.0	0.0	0.0	0.0	0.0	0.0	0.0	0.5	0.5	0.5	0.5	0.5	0.5	0.0	0.5	0.5	0.5	0.5	0.0	0.0	0.5	0.5	0.5	0.5	0.0
M00725	0.3333333333333333	0.0	0.3333333333333333	0.3333333333333333	0.3333333333333333	0.3333333333333333	0.3333333333333333	0.3333333333333333	0.3333333333333333	0.3333333333333333	0.3333333333333333	0.3333333333333333	0.3333333333333333	0.3333333333333333	0.3333333333333333	0.3333333333333333	0.3333333333333333	0.3333333333333333	0.3333333333333333	0.3333333333333333	0.3333333333333333	0.3333333333333333	0.3333333333333333	0.3333333333333333	0.3333333333333333	0.3333333333333333	0.3333333333333333	0.3333333333333333	0.3333333333333333	0.3333333333333333	0.3333333333333333	0.0
M00726	0.0	0.0	0.0	0.0	0.0	0.0	0.0	0.0	0.0	0.0	0.0	0.0	0.0	0.0	0.0	0.0	0.3333333333333333	0.0	0.0	0.0	0.0	0.3333333333333333	0.0	0.0	0.0	0.0	0.0	0.3333333333333333	0.0	0.3333333333333333	0.0	0.0
M00740	0.2727272727272727	0.2727272727272727	0.2727272727272727	0.2727272727272727	0.2727272727272727	0.2727272727272727	0.2727272727272727	0.2727272727272727	0.2727272727272727	0.2727272727272727	0.2727272727272727	0.2727272727272727	0.2727272727272727	0.2727272727272727	0.2727272727272727	0.2727272727272727	0.0	0.0	0.0	0.18181818181818182	0.2727272727272727	0.0	0.0	0.2727272727272727	0.0	0.0	0.0	0.2727272727272727	0.2727272727272727	0.2727272727272727	0.0	0.09090909090909091
M00793	1.0	0.6666666666666666	1.0	0.6666666666666666	0.6666666666666666	1.0	1.0	1.0	1.0	1.0	1.0	0.6666666666666666	1.0	1.0	1.0	0.6666666666666666	0.6666666666666666	0.6666666666666666	0.6666666666666666	1.0	1.0	0.3333333333333333	0.6666666666666666	1.0	0.6666666666666666	0.0	0.6666666666666666	1.0	1.0	0.6666666666666666	0.6666666666666666	0.6666666666666666
M00835	0.0	0.0	0.0	0.0	0.0	0.0	0.0	0.0	0.0	0.0	0.0	0.0	0.0	0.0	0.0	0.0	0.0	0.0	0.0	0.0	0.0	0.0	0.0	0.0	0.14285714285714285	0.0	0.0	0.14285714285714285	0.0	0.0	0.0	0.0
M00840	0.2857142857142857	0.14285714285714285	0.2857142857142857	0.2857142857142857	0.2857142857142857	0.2857142857142857	0.2857142857142857	0.2857142857142857	0.2857142857142857	0.2857142857142857	0.2857142857142857	0.2857142857142857	0.2857142857142857	0.2857142857142857	0.2857142857142857	0.2857142857142857	0.42857142857142855	0.2857142857142857	0.2857142857142857	0.42857142857142855	0.2857142857142857	0.2857142857142857	0.14285714285714285	0.42857142857142855	0.2857142857142857	0.42857142857142855	0.2857142857142857	0.2857142857142857	0.2857142857142857	0.2857142857142857	0.2857142857142857	0.14285714285714285
M00841	0.4	0.2	0.4	0.4	0.4	0.4	0.4	0.4	0.4	0.4	0.4	0.4	0.4	0.4	0.4	0.4	0.4	0.4	0.4	0.4	0.4	0.4	0.2	0.4	0.4	0.4	0.4	0.4	0.4	0.4	0.4	0.4
M00842	0.6666666666666666	0.6666666666666666	0.6666666666666666	0.6666666666666666	0.6666666666666666	0.6666666666666666	0.6666666666666666	0.6666666666666666	0.6666666666666666	0.6666666666666666	0.6666666666666666	0.6666666666666666	0.6666666666666666	0.6666666666666666	0.6666666666666666	0.6666666666666666	0.3333333333333333	0.3333333333333333	0.3333333333333333	0.6666666666666666	0.3333333333333333	0.3333333333333333	0.0	0.6666666666666666	0.3333333333333333	0.3333333333333333	0.3333333333333333	0.6666666666666666	0.3333333333333333	0.6666666666666666	0.3333333333333333	0.6666666666666666
M00843	0.6666666666666666	0.6666666666666666	0.6666666666666666	0.6666666666666666	0.6666666666666666	0.6666666666666666	0.6666666666666666	0.6666666666666666	0.6666666666666666	0.6666666666666666	0.6666666666666666	0.6666666666666666	0.6666666666666666	0.6666666666666666	0.6666666666666666	0.6666666666666666	0.3333333333333333	0.3333333333333333	0.3333333333333333	0.6666666666666666	0.3333333333333333	0.3333333333333333	0.0	0.6666666666666666	0.3333333333333333	0.3333333333333333	0.3333333333333333	0.6666666666666666	0.3333333333333333	0.6666666666666666	0.3333333333333333	0.6666666666666666
M00844	1.0	1.0	1.0	1.0	1.0	1.0	1.0	1.0	1.0	1.0	1.0	1.0	1.0	1.0	1.0	1.0	1.0	0.3333333333333333	0.3333333333333333	1.0	1.0	1.0	0.3333333333333333	1.0	1.0	0.6666666666666666	0.3333333333333333	1.0	1.0	1.0	1.0	0.6666666666666666
M00845	0.5714285714285714	0.5714285714285714	0.5714285714285714	0.5714285714285714	0.5714285714285714	0.5714285714285714	0.5714285714285714	0.5714285714285714	0.5714285714285714	0.5714285714285714	0.5714285714285714	0.5714285714285714	0.5714285714285714	0.5714285714285714	0.5714285714285714	0.5714285714285714	0.2857142857142857	0.0	0.0	0.5714285714285714	0.5714285714285714	0.2857142857142857	0.0	0.5714285714285714	0.2857142857142857	0.14285714285714285	0.0	0.5714285714285714	0.2857142857142857	0.5714285714285714	0.2857142857142857	0.42857142857142855
M00846	0.16666666666666666	0.0	0.0	0.0	0.0	0.0	0.0	0.0	0.0	0.0	0.0	0.0	0.0	0.0	0.0	0.0	0.0	0.0	0.0	0.0	0.0	0.0	0.0	0.0	0.0	0.0	0.0	0.0	0.0	0.0	0.0	0.0
M00849	0.5	0.3333333333333333	0.5	0.5	0.3333333333333333	0.5	0.5	0.3333333333333333	0.3333333333333333	0.3333333333333333	0.3333333333333333	0.3333333333333333	0.5	0.5	0.5	0.3333333333333333	0.3333333333333333	0.6666666666666666	0.6666666666666666	0.5	0.5	0.6666666666666666	0.5	0.5	0.6666666666666666	0.5	0.6666666666666666	0.5	0.6666666666666666	0.5	0.6666666666666666	0.16666666666666666
M00854	1.0	1.0	1.0	1.0	1.0	1.0	1.0	1.0	1.0	1.0	1.0	1.0	1.0	1.0	1.0	1.0	1.0	1.0	1.0	1.0	1.0	1.0	1.0	0.0	1.0	0.5	0.0	1.0	1.0	0.0	1.0	1.0
M00855	1.0	0.6666666666666666	1.0	0.6666666666666666	0.6666666666666666	0.6666666666666666	0.6666666666666666	0.6666666666666666	0.6666666666666666	0.6666666666666666	0.6666666666666666	0.6666666666666666	0.6666666666666666	1.0	1.0	1.0	1.0	1.0	1.0	1.0	1.0	1.0	1.0	1.0	0.6666666666666666	1.0	1.0	1.0	1.0	1.0	1.0	1.0
M00860	0.14285714285714285	0.14285714285714285	0.14285714285714285	0.14285714285714285	0.14285714285714285	0.14285714285714285	0.14285714285714285	0.14285714285714285	0.14285714285714285	0.14285714285714285	0.14285714285714285	0.14285714285714285	0.14285714285714285	0.14285714285714285	0.14285714285714285	0.0	0.14285714285714285	0.14285714285714285	0.14285714285714285	0.14285714285714285	0.14285714285714285	0.14285714285714285	0.0	0.14285714285714285	0.14285714285714285	0.0	0.14285714285714285	0.14285714285714285	0.14285714285714285	0.14285714285714285	0.14285714285714285	0.0
M00868	0.25	0.125	0.25	0.25	0.25	0.25	0.25	0.25	0.25	0.25	0.25	0.25	0.25	0.125	0.25	0.25	0.0	0.0	0.0	0.0	0.0	0.0	0.125	0.0	0.0	0.125	0.0	0.125	0.0	0.125	0.0	0.25
M00873	0.16666666666666666	0.16666666666666666	0.16666666666666666	0.16666666666666666	0.16666666666666666	0.16666666666666666	0.16666666666666666	0.16666666666666666	0.16666666666666666	0.16666666666666666	0.16666666666666666	0.16666666666666666	0.16666666666666666	0.16666666666666666	0.16666666666666666	0.16666666666666666	0.16666666666666666	0.16666666666666666	0.16666666666666666	0.16666666666666666	0.16666666666666666	0.16666666666666666	0.16666666666666666	0.16666666666666666	0.16666666666666666	0.16666666666666666	0.16666666666666666	0.16666666666666666	0.16666666666666666	0.16666666666666666	0.16666666666666666	0.16666666666666666
M00874	0.3333333333333333	0.3333333333333333	0.3333333333333333	0.3333333333333333	0.3333333333333333	0.3333333333333333	0.3333333333333333	0.3333333333333333	0.3333333333333333	0.3333333333333333	0.3333333333333333	0.3333333333333333	0.3333333333333333	0.3333333333333333	0.3333333333333333	0.3333333333333333	0.3333333333333333	0.3333333333333333	0.3333333333333333	0.3333333333333333	0.3333333333333333	0.3333333333333333	0.3333333333333333	0.3333333333333333	0.3333333333333333	0.3333333333333333	0.3333333333333333	0.3333333333333333	0.3333333333333333	0.3333333333333333	0.3333333333333333	0.3333333333333333
M00878	0.14285714285714285	0.0	0.0	0.0	0.0	0.0	0.0	0.14285714285714285	0.0	0.0	0.0	0.0	0.0	0.0	0.0	0.0	0.0	0.0	0.0	0.0	0.0	0.0	0.0	0.0	0.0	0.0	0.0	0.0	0.0	0.0	0.14285714285714285	0.0
M00883	0.0	0.0	0.0	0.0	0.0	0.0	0.0	0.0	0.0	0.0	0.0	0.0	0.0	0.0	0.0	0.0	0.3333333333333333	0.3333333333333333	0.0	0.0	0.0	0.3333333333333333	0.0	0.0	0.0	0.0	0.3333333333333333	0.0	0.3333333333333333	0.0	0.0	0.0
M00892	0.3333333333333333	0.3333333333333333	0.3333333333333333	0.3333333333333333	0.3333333333333333	0.3333333333333333	0.3333333333333333	0.3333333333333333	0.3333333333333333	0.3333333333333333	0.3333333333333333	0.3333333333333333	0.3333333333333333	0.3333333333333333	0.3333333333333333	0.3333333333333333	0.3333333333333333	0.3333333333333333	0.3333333333333333	0.3333333333333333	0.3333333333333333	0.3333333333333333	0.3333333333333333	0.3333333333333333	0.3333333333333333	0.3333333333333333	0.3333333333333333	0.3333333333333333	0.3333333333333333	0.3333333333333333	0.3333333333333333	0.3333333333333333
M00895	0.1111111111111111	0.1111111111111111	0.1111111111111111	0.1111111111111111	0.1111111111111111	0.1111111111111111	0.1111111111111111	0.1111111111111111	0.1111111111111111	0.1111111111111111	0.1111111111111111	0.1111111111111111	0.1111111111111111	0.1111111111111111	0.1111111111111111	0.1111111111111111	0.3333333333333333	0.1111111111111111	0.1111111111111111	0.3333333333333333	0.1111111111111111	0.1111111111111111	0.1111111111111111	0.1111111111111111	0.1111111111111111	0.3333333333333333	0.1111111111111111	0.1111111111111111	0.3333333333333333	0.1111111111111111	0.1111111111111111	0.0
M00896	0.0	0.0	0.0	0.0	0.0	0.0	0.0	0.0	0.0	0.0	0.0	0.0	0.0	0.0	0.0	0.0	0.25	0.0	0.0	0.25	0.0	0.0	0.0	0.0	0.0	0.25	0.0	0.0	0.25	0.0	0.0	0.0
M00897	0.2	0.2	0.2	0.2	0.2	0.2	0.2	0.2	0.2	0.2	0.2	0.2	0.2	0.2	0.2	0.2	0.2	0.2	0.2	0.2	0.2	0.2	0.2	0.2	0.2	0.2	0.2	0.2	0.2	0.2	0.2	0.2
M00898	0.16666666666666666	0.16666666666666666	0.16666666666666666	0.16666666666666666	0.16666666666666666	0.16666666666666666	0.16666666666666666	0.16666666666666666	0.16666666666666666	0.16666666666666666	0.16666666666666666	0.16666666666666666	0.16666666666666666	0.16666666666666666	0.16666666666666666	0.16666666666666666	0.16666666666666666	0.16666666666666666	0.16666666666666666	0.16666666666666666	0.16666666666666666	0.16666666666666666	0.16666666666666666	0.16666666666666666	0.16666666666666666	0.16666666666666666	0.16666666666666666	0.16666666666666666	0.16666666666666666	0.16666666666666666	0.16666666666666666	0.16666666666666666
M00899	0.0	0.0	0.0	0.0	0.0	0.0	0.0	0.0	0.0	0.0	0.0	0.0	0.0	0.0	0.0	0.0	1.0	0.0	0.0	1.0	0.0	0.0	0.0	0.0	0.0	1.0	0.0	0.0	1.0	0.0	0.0	0.0
M00909	1.0	0.8	1.0	1.0	1.0	1.0	1.0	1.0	1.0	1.0	1.0	1.0	1.0	1.0	1.0	1.0	1.0	1.0	1.0	1.0	1.0	1.0	1.0	1.0	1.0	1.0	1.0	1.0	1.0	1.0	1.0	0.8
M00911	0.0	0.0	0.0	0.0	0.0	0.0	0.0	0.0	0.0	0.0	0.0	0.0	0.0	0.0	0.0	0.0	0.2222222222222222	0.0	0.0	0.2222222222222222	0.0	0.0	0.0	0.2222222222222222	0.0	0.2222222222222222	0.0	0.0	0.0	0.0	0.0	0.0
M00912	0.375	0.125	0.375	0.375	0.375	0.375	0.375	0.375	0.375	0.375	0.375	0.375	0.375	0.375	0.375	0.375	0.25	0.25	0.25	0.5	0.375	0.25	0.25	0.375	0.25	0.375	0.375	0.375	0.375	0.375	0.25	0.25
M00913	0.0	0.0	0.2	0.0	0.0	0.0	0.2	0.0	0.0	0.2	0.2	0.0	0.0	0.2	0.0	0.0	0.2	0.2	0.2	0.6	0.2	0.2	0.2	0.2	0.2	0.0	0.2	0.2	0.2	0.2	0.2	0.0
M00914	0.0	0.0	0.14285714285714285	0.0	0.0	0.0	0.14285714285714285	0.0	0.0	0.14285714285714285	0.14285714285714285	0.0	0.0	0.14285714285714285	0.0	0.0	0.14285714285714285	0.14285714285714285	0.14285714285714285	0.2857142857142857	0.14285714285714285	0.14285714285714285	0.14285714285714285	0.14285714285714285	0.14285714285714285	0.0	0.14285714285714285	0.14285714285714285	0.14285714285714285	0.14285714285714285	0.14285714285714285	0.0
M00916	0.0	0.0	0.0	0.0	0.0	0.0	0.0	0.0	0.0	0.0	0.0	0.0	0.0	0.0	0.0	0.0	0.0	0.0	0.0	1.0	0.0	0.0	0.0	1.0	0.0	1.0	0.0	0.0	0.0	0.0	0.0	0.0
M00922	0.0	0.0	0.0	0.0	0.0	0.0	0.0	0.0	0.0	0.0	0.0	0.0	0.0	0.0	0.0	0.0	0.6666666666666666	0.0	0.0	0.0	0.0	0.0	0.0	0.0	0.0	0.0	0.0	0.0	0.6666666666666666	0.0	0.0	0.0
M00923	0.0	0.0	0.0	0.0	0.0	0.0	0.0	0.0	0.0	0.0	0.0	0.0	0.0	0.0	0.0	0.0	0.0	0.0	0.0	0.0	0.0	0.0	0.0	0.0	0.0	0.75	0.0	0.0	0.0	0.0	0.0	0.0
M00926	0.3333333333333333	0.1111111111111111	0.2222222222222222	0.2222222222222222	0.2222222222222222	0.2222222222222222	0.2222222222222222	0.2222222222222222	0.2222222222222222	0.2222222222222222	0.2222222222222222	0.2222222222222222	0.2222222222222222	0.1111111111111111	0.2222222222222222	0.2222222222222222	0.0	0.0	0.0	0.0	0.0	0.0	0.1111111111111111	0.0	0.0	0.1111111111111111	0.0	0.1111111111111111	0.0	0.1111111111111111	0.0	0.2222222222222222
M00936	0.0	0.0	0.0	0.0	0.0	0.0	0.0	0.0	0.0	0.0	0.0	0.0	0.0	0.0	0.0	0.0	0.0	0.0	0.25	0.25	0.25	0.0	0.25	0.0	0.0	0.25	0.0	0.25	0.25	0.0	0.0	0.0
M00938	0.8	0.6	0.8	0.8	0.8	0.8	0.8	0.8	0.8	0.8	0.8	0.8	0.8	0.8	0.8	0.6	1.0	1.0	1.0	1.0	0.8	1.0	1.0	1.0	1.0	1.0	0.8	1.0	1.0	1.0	1.0	0.8
M00939	0.0	0.0	0.2	0.2	0.2	0.2	0.2	0.2	0.2	0.2	0.2	0.2	0.2	0.2	0.2	0.0	0.2	0.2	0.2	0.2	0.0	0.2	0.2	0.2	0.2	0.0	0.2	0.2	0.0	0.0	0.2	0.0
M00950	0.0	0.0	0.0	0.0	0.0	0.0	0.0	0.0	0.0	0.0	0.0	0.0	0.0	0.0	0.0	0.0	0.25	0.25	0.0	0.5	0.0	0.0	0.0	0.0	0.0	0.0	0.0	0.0	0.0	0.0	0.0	0.0
M00953	0.2	0.2	0.2	0.2	0.2	0.2	0.2	0.2	0.2	0.2	0.2	0.2	0.2	0.2	0.2	0.2	0.2	0.2	0.2	0.2	0.2	0.2	0.2	0.2	0.2	0.2	0.2	0.2	0.2	0.2	0.2	0.2
M00956	0.14285714285714285	0.14285714285714285	0.14285714285714285	0.14285714285714285	0.14285714285714285	0.14285714285714285	0.14285714285714285	0.14285714285714285	0.14285714285714285	0.14285714285714285	0.14285714285714285	0.14285714285714285	0.14285714285714285	0.0	0.14285714285714285	0.0	0.14285714285714285	0.14285714285714285	0.0	0.14285714285714285	0.0	0.14285714285714285	0.0	0.14285714285714285	0.14285714285714285	0.0	0.14285714285714285	0.14285714285714285	0.0	0.0	0.14285714285714285	0.14285714285714285
M00957	0.2	0.2	0.2	0.2	0.2	0.2	0.2	0.2	0.2	0.2	0.2	0.2	0.2	0.0	0.2	0.0	0.2	0.2	0.0	0.2	0.0	0.2	0.0	0.2	0.2	0.0	0.2	0.2	0.0	0.0	0.2	0.2
M00958	0.6666666666666666	0.6666666666666666	0.6666666666666666	0.6666666666666666	0.6666666666666666	0.6666666666666666	0.6666666666666666	0.6666666666666666	0.6666666666666666	0.6666666666666666	0.6666666666666666	0.6666666666666666	0.3333333333333333	0.6666666666666666	0.6666666666666666	0.6666666666666666	0.3333333333333333	0.6666666666666666	0.6666666666666666	0.3333333333333333	0.3333333333333333	0.3333333333333333	0.3333333333333333	0.3333333333333333	0.3333333333333333	0.3333333333333333	0.3333333333333333	0.6666666666666666	0.6666666666666666	0.6666666666666666	0.3333333333333333	0.6666666666666666
M00959	0.5	0.5	0.5	0.5	0.5	0.5	0.5	0.5	0.5	0.5	0.5	0.5	0.25	0.5	0.5	0.5	0.25	0.5	0.5	0.5	0.5	0.5	0.25	0.25	0.25	0.25	0.5	0.5	0.5	0.5	0.5	0.5
M00960	0.1111111111111111	0.1111111111111111	0.1111111111111111	0.1111111111111111	0.1111111111111111	0.1111111111111111	0.1111111111111111	0.1111111111111111	0.1111111111111111	0.0	0.1111111111111111	0.1111111111111111	0.1111111111111111	0.1111111111111111	0.0	0.1111111111111111	0.0	0.0	0.0	0.0	0.0	0.0	0.0	0.0	0.0	0.0	0.0	0.0	0.0	0.0	0.0	0.1111111111111111
M00972	0.3333333333333333	0.3333333333333333	0.3333333333333333	0.3333333333333333	0.3333333333333333	0.3333333333333333	0.3333333333333333	0.3333333333333333	0.3333333333333333	0.3333333333333333	0.3333333333333333	0.3333333333333333	0.3333333333333333	0.3333333333333333	0.3333333333333333	0.3333333333333333	0.3333333333333333	0.3333333333333333	0.3333333333333333	0.3333333333333333	0.3333333333333333	0.3333333333333333	0.0	0.3333333333333333	0.3333333333333333	0.3333333333333333	0.3333333333333333	0.3333333333333333	0.3333333333333333	0.3333333333333333	0.3333333333333333	0.3333333333333333
