sampleId	contigId	contigL	nReads	coverageAvg	coverageSd	coverageBp	coverageP	coveragePExp	coveragePRatio	coverageCv	coverageEvennessScore	pContigsCovered	covPosRelEntropy	editDistMode	editDistAvg	editDistAvgDecay	editDistDecayEnd	readLAvg	mqAvg	nSoftClipAvg	ani	BayesianDMax	BayesianDMaxSd	BayesianZ
CGG100272	NZ_CP044221.1	2015393	1618714	47.86819493766228	20.58440226437249	1830093	0.9080576	1	0.9080576	0.43002252938885854	0.8407745929288564	NaN	NaN	0	0.5276466380101735	-0.045959676279176825	14	59.605253923793825	40.813947985870264	0	0.9911476488518147	0.051517975	0.0038807585	4.801156
CGG100272	genome	2028032	1618714	47.56987315782	20.863079206749003	1830093	0.9023985	1	0.9023985	0.4385775664680184	0.8355347593956439	0.3333333333333333	0.986393688732584	0	0.5276466380101735	-0.045959676279176825	14	59.605253923793825	40.813947985870264	0	0.9911476488518147	0.051517975	0.0038807585	4.801156
CGG100534	NZ_CP044221.1	2015393	231052	7.472982192555	3.936295684120187	1834854	0.91042	0.9994317688072428	0.9109376231721426	0.5267369281358308	0.7735878312567326	NaN	NaN	0	0.5006448764780222	-0.05098519281040965	13	65.19731921818465	41.07580977442307	0	0.9923210818714402	0.018173503	0.002201333	5.6827507
CGG100534	genome	2028032	231052	7.426409445215855	3.9678367441181863	1834854	0.9047461	0.9994046787875418	0.9052850353848856	0.5342873663765327	0.7687667157125726	0.3333333333333333	0.9842315395943605	0	0.5006448764780222	-0.05098519281040965	13	65.19731921818465	41.07580977442307	0	0.9923210818714402	0.018173503	0.002201333	5.6827507
CGG101233	NZ_CP044221.1	2015393	6600330	387.5027505801598	143.00383378068486	1809871	0.898024	1	0.898024	0.36903953214934077	0.8775128051692418	NaN	NaN	0	0.968557178201696	-0.02860427388612744	17	118.34653055226026	41.30470400722388	0	0.9918159224974153	0.0064176805	0.0010796291	2.942921
CGG101233	genome	2028032	6600330	385.0877752422052	145.78280379947302	1809871	0.892427	1	0.892427	0.378570323889875	0.8721822807182202	0.3333333333333333	0.9871528425163122	0	0.968557178201696	-0.02860427388612744	17	118.34653055226026	41.30470400722388	0	0.9918159224974153	0.0064176805	0.0010796291	2.942921
CGG_2_18521	NZ_CP044221.1	2015393	182505	4.554627807082787	3.0602422455707208	1728839	0.857817	0.9894815856170082	0.8669357898814192	0.6718973262341689	0.7074723391417952	NaN	NaN	0	0.9103312238020876	-0.051735568888523605	9	50.30139996164489	38.416142023506204	0	0.9819024674363691	0.28597146	0.012774753	6.952761
CGG_2_18521	genome	2028032	182505	4.526242682561222	3.071676409142979	1728839	0.852471	0.9891787413119063	0.8617967253010345	0.6786371444415877	0.7030632652739208	0.3333333333333333	0.9781758630752216	0	0.9103312238020876	-0.051735568888523605	9	50.30139996164489	38.416142023506204	0	0.9819024674363691	0.28597146	0.012774753	6.952761
DA104	NZ_CP044221.1	2015393	8658	0.25443325445707116	0.5149351282048303	444262	0.22043400000000002	0.22464419709225614	0.9812583759262338	2.0238515177728544	0.22043442643692823	NaN	NaN	0	1.1285516285516286	-0.056960806960806964	6	59.23146223146223	38.13224763224763	0	0.9809467538697336	0.11824125	0.012188758	6.438219
DA104	genome	2028032	8658	0.25284758820373643	0.513718417528657	444262	0.21906099999999995	0.22341376629277	0.9805170184228218	2.0317315311495845	0.21906064598586217	0.3333333333333333	0.9653995752438955	0	1.1285516285516286	-0.056960806960806964	6	59.23146223146223	38.13224763224763	0	0.9809467538697336	0.11824125	0.012188758	6.438219
DA112	NZ_CP044221.1	2015393	59963	1.9079861843322865	1.5788218378623562	1556190	0.772152	0.8516211063337042	0.9066849027781556	0.8274807495080874	0.6642714349012823	NaN	NaN	0	0.8408185047445925	-0.05697054850491136	8	64.13716792021746	39.823541183729965	0	0.9868903081939864	0.22446664	0.011073021	7.307993
DA112	genome	2028032	59963	1.8960953278843726	1.581040748034795	1556190	0.76734	0.8498462226787238	0.9029162918219918	0.8338403268990122	0.6601315955566776	0.3333333333333333	0.9697058315625448	0	0.8408185047445925	-0.05697054850491136	8	64.13716792021746	39.823541183729965	0	0.9868903081939864	0.22446664	0.011073021	7.307993
DA195	NZ_CP044221.1	2015393	25564	0.8131962351759682	0.9605576204461947	1060564	0.526232	0.5565615348786015	0.9455055138059136	1.1812125768614004	0.5262318565163222	NaN	NaN	0	0.8752151462994836	-0.05751251760287905	9	64.11512282897824	39.48936003755281	0	0.9863493181065246	0.17882273	0.010114781	7.695025
DA195	NZ_CP044219.1	7951	1	0.008803924034712614	0.09341528224173828	70	0.008804000000000034	0.008765282976302191	1.0044170877086933	10.610641558629444	0.00880392403471264	NaN	NaN	1	1	NaN	1	70	42	0	0.9857142857142858	0.18232974	0.32936355	-1.5173433
DA195	genome	2028032	25565	0.8081627903307246	0.9596848487430827	1060634	0.522987	0.5543238850028793	0.9434682757667631	1.1874895259039961	0.5229868167760667	0.6666666666666666	0.9496221243867732	0	0.8752200273811852	-0.05751026794445531	9	64.11535302170937	39.489458243692546	0	0.9863492909867495	0.17907545	0.010184699	7.7150607
DA223	NZ_CP044221.1	2015393	95113	2.404227364092264	1.934217415150475	1621848	0.80473	0.9096647350774106	0.8846446047306858	0.8045068632187184	0.627538318002163	NaN	NaN	0	0.846056795601022	-0.06370768003772956	7	50.948135375816136	38.84880089998212	0	0.9833937632975156	0.20362338	0.010523396	7.5059257
DA223	genome	2028032	95113	2.3892438580850794	1.9374417558075854	1621848	0.799715	0.9083010048765977	0.8804515196024139	0.8109016370394262	0.6236274049587647	0.3333333333333333	0.9740987527598649	0	0.846056795601022	-0.06370768003772956	7	50.948135375816136	38.84880089998212	0	0.9833937632975156	0.20362338	0.010523396	7.5059257
DA246	NZ_CP044221.1	2015393	67805	2.052514819690254	1.6349476473609603	1599784	0.793783	0.8715884347433526	0.9107314511736688	0.7965582668034968	0.5819227316955056	NaN	NaN	0	1.0616031266130816	-0.04191431310375341	10	61.01463018951405	38.53016739178527	0	0.9826008430549248	0.116777174	0.008453804	7.809122
DA246	genome	2028032	67805	2.0397232390810403	1.6378297289570434	1599784	0.788836	0.8699352972757218	0.9067754837288573	0.8029666464431406	0.5782961018366575	0.3333333333333333	0.973220844201676	0	1.0616031266130816	-0.04191431310375341	10	61.01463018951405	38.53016739178527	0	0.9826008430549248	0.116777174	0.008453804	7.809122
NEO105	NZ_CP044221.1	2015393	854209	22.525454340667057	10.939199249868384	1797246	0.89176	0.9999999998350625	0.8917600001470847	0.4856372299722695	0.8049908444871439	NaN	NaN	0	0.5632977409509851	-0.0751323739272239	8	53.14886754880831	40.4154650676825	0	0.9894015100052002	0.040322524	0.0027167979	10.022611
NEO105	genome	2028032	854209	22.38507232627493	11.048201880396599	1797246	0.886202	0.9999999998102042	0.8862020001681975	0.49355220833611285	0.7999740206483321	0.3333333333333333	0.9838003463951015	0	0.5632977409509851	-0.0751323739272239	8	53.14886754880831	40.4154650676825	0	0.9894015100052002	0.040322524	0.0027167979	10.022611
NEO137	NZ_CP044221.1	2015393	1007768	36.34865755711169	15.064129281917475	1791131	0.888725	0.9999999999999999	0.8887250000000001	0.4144342678474008	0.8497151135743212	NaN	NaN	0	0.8845260020163371	-0.03449733241411485	13	72.70105421088981	39.74075977804415	0	0.9878333813502824	0.15952463	0.00785073	7.9336143
NEO137	genome	2028032	1007768	36.12212726426407	15.287135041236164	1791131	0.8831869999999999	0.9999999999999998	0.8831870000000002	0.423206942642048	0.8444195613737318	0.3333333333333333	0.9855454542661278	0	0.8845260020163371	-0.03449733241411485	13	72.70105421088981	39.74075977804415	0	0.9878333813502824	0.15952463	0.00785073	7.9336143
NEO160	NZ_CP044221.1	2015393	5726	0.16371199066385564	0.4160026001387409	296618	0.14717599999999997	0.15101349728882274	0.9745883821133994	2.541063720817525	0.14717625793083533	NaN	NaN	0	0.7815228780998952	-0.06781098747567486	8	57.62871114215857	39.132902549772965	0	0.9864386542296246	0.16991696	0.013399565	5.851192
NEO160	genome	2028032	5726	0.16269171295127494	0.4149043619760039	296618	0.14625900000000003	0.15014685324820398	0.9741063288101214	2.5502488998948887	0.14625903338803337	0.3333333333333333	0.9731169060457523	0	0.7815228780998952	-0.06781098747567486	8	57.62871114215857	39.132902549772965	0	0.9864386542296246	0.16991696	0.013399565	5.851192
NEO170	NZ_CP044221.1	2015393	2659	0.08517643953313324	0.325980490986188	156221	0.07751399999999997	0.08164976318095929	0.9493475177411932	3.827120419366474	0.07751391415967013	NaN	NaN	0	1.0018804061677322	-0.06499937319794409	6	64.56562617525385	38.21060549078601	0	0.9844827586206897	0.17461921	0.01952518	5.515655
NEO170	genome	2028032	2659	0.08464560716990659	0.3250322513355353	156221	0.07703099999999996	0.08116214374384001	0.9491001154814421	3.839918717614109	0.0770308358053522	0.3333333333333333	0.9732554943259668	0	1.0018804061677322	-0.06499937319794409	6	64.56562617525385	38.21060549078601	0	0.9844827586206897	0.17461921	0.01952518	5.515655
NEO31	NZ_CP044221.1	2015393	77667	1.9076373689895718	1.7056092972445625	1497762	0.743161	0.8515693404712197	0.8726958154561654	0.8940951382955878	0.6376111259689797	NaN	NaN	0	0.4557920352273166	-0.058677079419479666	10	49.50434547491213	40.33017884043416	0	0.9907928883645517	0.03861181	0.004159397	7.7988925
NEO31	genome	2028032	77667	1.8957486864112598	1.7069010111801186	1497762	0.73853	0.8497941641298549	0.8690692772128136	0.9003835916728822	0.6336374376735673	0.3333333333333333	0.9699136687940226	0	0.4557920352273166	-0.058677079419479666	10	49.50434547491213	40.33017884043416	0	0.9907928883645517	0.03861181	0.004159397	7.7988925
NEO65	NZ_CP044221.1	2015393	36211	0.937388390254407	1.1372458025117196	1078924	0.535342	0.6083506638796803	0.8799891769426589	1.2132066220737716	0.5353417422805378	NaN	NaN	0	0.6725304465493911	-0.07747053973338804	7	52.174615448344426	39.92413907376211	0	0.9871100066426894	0.08846032	0.008764729	9.601248
NEO65	genome	2028032	36211	0.9315464450265084	1.1360941176734205	1078924	0.5320050000000001	0.6060559737085323	0.8778149594741141	1.2195786090312346	0.5320054121433981	0.3333333333333333	0.952176552591918	0	0.6725304465493911	-0.07747053973338804	7	52.174615448344426	39.92413907376211	0	0.9871100066426894	0.08846032	0.008764729	9.601248
NEO938	NZ_CP044221.1	2015393	363521	11.030133080744053	5.37377305219942	1844955	0.9154319	0.9999837940659068	0.9154467356694641	0.4871902281560618	0.7860027796067566	NaN	NaN	0	0.9610256353828251	-0.03322274825021571	11	61.15914348827165	38.41026240574822	0	0.9842864765500334	0.24443509	0.013434704	11.57916
NEO938	genome	2028032	363521	10.961391634845999	5.426874810002257	1844955	0.9097268000000001	0.9999826408642655	0.9097425923451441	0.4950899475893511	0.8065013946346193	0.3333333333333333	0.9853129926043017	0	0.9610256353828251	-0.03322274825021571	11	61.15914348827165	38.41026240574822	0	0.9842864765500334	0.24443509	0.013434704	11.57916
RISE349	NZ_CP044221.1	2015393	26804	0.9182789659386531	1.047139935661327	1130850	0.561106	0.6007945035345756	0.9339399689892609	1.1403287829760467	0.5611064442518159	NaN	NaN	0	1.3897552604088943	-0.0404603790479033	8	69.11110282047456	37.43859125503656	0	0.9798909986428813	0.17085905	0.009845799	7.060058
RISE349	genome	2028032	26804	0.9125561135130018	1.0463703471548762	1130850	0.5576099999999999	0.5985033597048921	0.9316739680040297	1.1466367181813504	0.5576095446225701	0.3333333333333333	0.9514183382272117	0	1.3897552604088943	-0.0404603790479033	8	69.11110282047456	37.43859125503656	0	0.9798909986428813	0.17085905	0.009845799	7.060058
RISE373	NZ_CP044221.1	2015393	114761	4.625992548351612	3.5953308277585903	1717700	0.85229	0.9902060707383747	0.8607198291204842	0.7772020361424319	0.6747351012928993	NaN	NaN	0	1.1169473950209565	-0.039599689790085484	10	81.26561288242522	39.847674732705364	0	0.9862555962429403	0.18680137	0.009068767	6.41548
RISE373	genome	2028032	114761	4.597162668044685	3.6025518901102833	1717700	0.846979	0.9899196033613907	0.855603825930895	0.7836468165792705	0.6705300508078769	0.3333333333333333	0.9681670327032451	0	1.1169473950209565	-0.039599689790085484	10	81.26561288242522	39.847674732705364	0	0.9862555962429403	0.18680137	0.009068767	6.41548
RISE413	NZ_CP044221.1	2015393	5166	0.16566198255129397	0.5211854301433866	276891	0.13738799999999995	0.15266740100816023	0.8999170686914125	3.146077465190372	0.13738809254572182	NaN	NaN	0	1.1264034068912119	-0.053426248548199766	7	64.64169570267131	37.987998451413084	0	0.9825746618394378	0.2904736	0.018560646	4.8420916
RISE413	genome	2028032	5166	0.16462955219641504	0.5197223832814245	276891	0.136532	0.15179213736565222	0.8994668786506901	3.156920348427832	0.13653186931961625	0.3333333333333333	0.9491587086684115	0	1.1264034068912119	-0.053426248548199766	7	64.64169570267131	37.987998451413084	0	0.9825746618394378	0.2904736	0.018560646	4.8420916
RISE540	NZ_CP044221.1	2015393	8873	0.3348458588473811	0.6219590382311925	536212	0.266058	0.28455164211182504	0.9350077828594738	1.8574487985968322	0.266058282429283	NaN	NaN	0	1.098726473571509	-0.054161098678172946	7	76.07145272174012	39.74518201284796	0	0.9855566518810872	0.31769234	0.017012589	5.17579
RISE540	genome	2028032	8873	0.33275904916687704	0.620577673147259	536212	0.26439999999999997	0.2830570786603178	0.9340872210346407	1.8649460463990035	0.26440016725574345	0.3333333333333333	0.9573062453692691	0	1.098726473571509	-0.054161098678172946	7	76.07145272174012	39.74518201284796	0	0.9855566518810872	0.31769234	0.017012589	5.17579
RISE569	NZ_CP044221.1	2015393	19559	0.5426752995569598	0.7914924982663685	793563	0.39375099999999996	0.4188086901949073	0.94016912547052	1.4585010574694353	0.39375099546341585	NaN	NaN	0	0.8383352932153996	-0.053092921133209486	10	55.922030778669665	39.564599417148116	0	0.9850088546223689	0.11201271	0.010922838	5.1986465
RISE569	genome	2028032	19559	0.5392932655894976	0.7901772508842788	793563	0.391297	0.41683975381544447	0.9387228459338514	1.46520882292224	0.39129708012496844	0.3333333333333333	0.9329705971878711	0	0.8383352932153996	-0.053092921133209486	10	55.922030778669665	39.564599417148116	0	0.9850088546223689	0.11201271	0.010922838	5.1986465
VK146	NZ_CP044221.1	2015393	28395	1.0753138469767436	1.1318690167038403	1236666	0.61361	0.6588093431605336	0.9313923768237758	1.052594105326647	0.45787943095961925	NaN	NaN	0	0.8995949991195633	-0.05935463990139109	8	76.3315020250044	39.98651170980806	0	0.9882146299331974	0.085041665	0.0065685874	6.4943895
VK146	genome	2028032	28395	1.0686123295884877	1.1315054645380365	1236666	0.6097859999999999	0.6565151694043572	0.9288224071855741	1.0588549590979999	0.45502585758015657	0.3333333333333333	0.954213219961858	0	0.8995949991195633	-0.05935463990139109	8	76.3315020250044	39.98651170980806	0	0.9882146299331974	0.085041665	0.0065685874	6.4943895
VK35	NZ_CP044221.1	2015393	45434	1.4924305085906322	1.3895722828644808	1430738	0.709905	0.7751744494948711	0.9158003085145507	0.9310800569044351	0.5729220057824951	NaN	NaN	0	0.8449839327375974	-0.05541371366524336	17	66.21034907778316	39.802108553065985	0	0.987237887361915	0.088464126	0.0066243806	6.349096
VK35	genome	2028032	45434	1.4831294575233527	1.3902057631807938	1430738	0.705481	0.7730735805692259	0.9125664331725624	0.9373462013911246	0.5693514697992932	0.3333333333333333	0.9641686138977691	0	0.8449839327375974	-0.05541371366524336	17	66.21034907778316	39.802108553065985	0	0.987237887361915	0.088464126	0.0066243806	6.349096
VK441	NZ_CP044221.1	2015393	6642	0.19500563909867702	0.4493678436503643	351010	0.17416500000000001	0.1771699819767305	0.9830389892057156	2.304383841038436	0.17416454259789527	NaN	NaN	0	0.6501053899427883	-0.0800748483675313	7	59.17600120445649	40.308792532369765	0	0.9890140364892748	0.08711826	0.009970496	6.2385798
VK441	genome	2028032	6642	0.19379033466927545	0.44822818516966273	351010	0.17307899999999998	0.1761693851194397	0.982457876450301	2.3129542860566987	0.17307912301186568	0.3333333333333333	0.9724277009383818	0	0.6501053899427883	-0.0800748483675313	7	59.17600120445649	40.308792532369765	0	0.9890140364892748	0.08711826	0.009970496	6.2385798
VK63	NZ_CP044221.1	2015393	331727	8.710684218909165	5.193336721699763	1763844	0.875186	0.9998351845539598	0.8753302679485444	0.596203075577698	0.753335949861888	NaN	NaN	0	0.6584390176259394	-0.049518538930012825	11	52.92522164309809	40.151697027977825	0	0.9875590692455455	0.13954623	0.008490163	6.679121
VK63	genome	2028032	331727	8.656397926659935	5.222315991119891	1763844	0.869732	0.9998259900239304	0.8698833683841158	0.6032897326769402	0.7486410470840696	0.3333333333333333	0.9788223886207951	0	0.6584390176259394	-0.049518538930012825	11	52.92522164309809	40.151697027977825	0	0.9875590692455455	0.13954623	0.008490163	6.679121
